random_uniform:

[ 0.796543, 0.183435, 0.779691, 0.59685, 0.445833, 0.0999749, 0.459249, 0.333709, 0.142867, 0.650888, 0.0564116, 0.721999, 0.938553, 0.000778765, 0.992212, 0.617482, 0.611653, 0.00706631, 0.0230624, 0.524775, 0.399861, 0.0466657, 0.973756, 0.232771, 0.0906064, 0.618386, 0.382462, 0.983231, 0.466763, 0.85994, 0.680308, 0.450499, 0.013265, 0.942202, 0.563288, 0.385417, 0.0159663, 0.230894, 0.241025, 0.683264, 0.609997, 0.833195, 0.173365, 0.391061, 0.182236, 0.755361, 0.425156, 0.207942, 0.5677, 0.0313133, 0.842285, 0.449754, 0.39515, 0.926659, 0.727272, 0.326541, 0.570444, 0.520834, 0.961172, 0.844534, 0.74732, 0.539692, 0.586751, 0.965255, 0.607034, 0.275999, 0.296274, 0.165267, 0.0156364, 0.423401, 0.394882, 0.293488, 0.0140798, 0.198842, 0.711342, 0.790176, 0.60596, 0.926301, 0.651077, 0.91496, 0.850039, 0.449451, 0.0954101, 0.370818, 0.668841, 0.665922, 0.591298, 0.274722, 0.561243, 0.382927, 0.971712, 0.848914, 0.72173, 0.235985, 0.256068, 0.0404336, 0.710663, 0.110891, 0.439337, 0.201719 ]

random_normal:

[ -0.550234, 0.515433, 0.473861, 1.36845, -0.916827, -0.124147, -2.01096, -0.492803, 0.39258, -0.929185, 0.0798318, -0.159516, 0.0222218, -0.427793, -0.531817, -0.117476, 0.222079, -0.767976, 0.142465, -0.0346522, 1.13434, -0.104746, -0.525123, 1.91277, -2.02672, 1.11942, 0.779193, -1.1011, 1.13023, 0.373119, -0.386473, -1.15877, 0.566113, -0.704453, -1.37794, -0.353117, -0.461466, 0.0666573, -0.176286, 1.20089, 0.698399, -0.171629, -0.907187, 1.18863, 0.785532, 2.65601, 0.263486, 1.64177, 0.460816, 0.0859235, -1.50996, 0.721502, -0.84342, -0.513325, -0.0435368, -0.275301, -1.56307, -0.795631, 0.930584, 0.677767, 0.69844, 0.173602, 0.662285, 0.241122, -0.168205, 1.16477, -0.245748, -0.769668, 1.21217, 1.2335, -1.57416, 0.637953, -2.04442, 1.06948, -0.933763, 0.784208, -0.614876, 0.332892, -1.38072, -0.280806, -0.0598173, 0.961174, 1.79428, 0.58069, 0.29765, -1.02812, -1.4186, 0.190337, 0.135754, 0.60809, 0.704981, 0.360923, -1.46697, 0.892629, -0.105257, -0.955346, -0.414765, -1.39874, -0.344081, 0.750786 ]

random_cauchy:

[ 0.162837, 0.232493, 0.158555, 0.0407715, 0.49098, 0.216242, 0.588418, 0.286839, 0.224081, 0.102543, 0.208955, 0.140327, 0.190226, 0.200122, 0.198776, 0.0707356, 0.0633506, 0.20111, 0.203629, -0.441112, 0.353656, 0.207383, 0.195868, 0.244861, 0.21463, 0.0718193, 0.329196, 0.197363, 0.677106, 0.17646, 0.121381, 0.518924, 0.202085, 0.19082, -0.0481539, 0.332847, 0.20251, 0.244331, 0.247257, 0.12297, 0.0611151, 0.171103, 0.230288, 0.340346, 0.232226, 0.151657, 0.408715, 0.238269, -0.0315319, 0.204935, 0.172978, 0.514117, 0.346263, 0.188271, 0.142297, 0.282486, -0.0222307, -0.562818, 0.19387, 0.173433, 0.149151, -0.198893, 0.0211035, 0.194521, 0.0569517, 0.258916, 0.267152, 0.228575, 0.202458, 0.403752, 0.345861, 0.265939, 0.202213, 0.23605, 0.136098, 0.16126, 0.0553866, 0.188212, 0.102685, 0.186315, 0.174531, 0.5122, 0.215453, 0.316363, 0.114748, 0.112928, 0.0304817, 0.258439, -0.0566581, 0.329759, 0.195545, 0.174308, 0.140225, 0.24578, 0.251944, 0.206386, 0.135817, 0.218159, 0.459173, 0.236741 ]

random_exponential:

[ 15.923, 2.02649, 15.1272, 9.08447, 5.90289, 1.05333, 6.14796, 4.06028, 1.54162, 10.5236, 0.580652, 12.8013, 27.8958, 0.00779068, 48.5512, 9.60978, 9.45856, 0.0709139, 0.233325, 7.43966, 5.10594, 0.477896, 36.403, 2.6497, 0.949773, 9.63346, 4.82015, 40.8822, 6.28789, 19.6569, 11.404, 5.98745, 0.133537, 28.508, 8.28482, 4.8681, 0.160951, 2.62526, 2.75787, 11.4969, 9.416, 17.9093, 1.90392, 4.96037, 2.01182, 14.0797, 5.53656, 2.3312, 8.38636, 0.31814, 18.4696, 5.9739, 5.02775, 26.1263, 12.9928, 3.95328, 8.45003, 7.35709, 32.4861, 18.6133, 13.7563, 7.7586, 8.83705, 33.5973, 9.34033, 3.22963, 3.51366, 1.80643, 0.157599, 5.50609, 5.02331, 3.47415, 0.141799, 2.21698, 12.4251, 15.6148, 9.31303, 26.0776, 10.529, 24.6463, 18.9738, 5.96839, 1.00274, 4.63335, 11.0516, 10.9638, 8.94768, 3.212, 8.23811, 4.82768, 35.6532, 18.899, 12.7916, 2.69168, 2.95806, 0.412738, 12.4016, 1.17535, 5.78634, 2.25295 ]

random_circle:

[ 1.86323, -1.98904, 1.75735, 0.608528, -0.340343, -2.51343, -0.256047, -1.04484, -2.24393, 0.94806, -2.78715, 1.39486, 2.75551, -3.1367, 3.09266, 0.738158, 0.701538, -3.09719, -2.99669, 0.155664, -0.629192, -2.84838, 2.97669, -1.67905, -2.5723, 0.743841, -0.738513, 3.03623, -0.208835, 2.26157, 1.13291, -0.311022, -3.05825, 2.77844, 0.397652, -0.719949, -3.04127, -1.69084, -1.62718, 1.15148, 0.691129, 2.09353, -2.05231, -0.684486, -1.99657, 1.60448, -0.470259, -1.83506, 0.425374, -2.94485, 2.15064, -0.315704, -0.658791, 2.68078, 1.42799, -1.08988, 0.442613, 0.130906, 2.89763, 2.16477, 1.55396, 0.249393, 0.545074, 2.92329, 0.672516, -1.40744, -1.28005, -2.10319, -3.04335, -0.481283, -0.660479, -1.29755, -3.05313, -1.89223, 1.3279, 1.82323, 0.665766, 2.67853, 0.949245, 2.60727, 2.19936, -0.317611, -2.54211, -0.811673, 1.06086, 1.04252, 0.573641, -1.41546, 0.384804, -0.735592, 2.96385, 2.19229, 1.39317, -1.65886, -1.53267, -2.88754, 1.32363, -2.44485, -0.38116, -1.87415 ]

splay:

[ 0, 0.0628319, 0.125664, 0.188496, 0.251327, 0.314159, 0.376991, 0.439823, 0.502655, 0.565487, 0.628319, 0.69115, 0.753982, 0.816814, 0.879646, 0.942478, 1.00531, 1.06814, 1.13097, 1.19381, 1.25664, 1.31947, 1.3823, 1.44513, 1.50796, 1.5708, 1.63363, 1.69646, 1.75929, 1.82212, 1.88496, 1.94779, 2.01062, 2.07345, 2.13628, 2.19911, 2.26195, 2.32478, 2.38761, 2.45044, 2.51327, 2.57611, 2.63894, 2.70177, 2.7646, 2.82743, 2.89027, 2.9531, 3.01593, 3.07876, 3.14159, 3.20442, 3.26726, 3.33009, 3.39292, 3.45575, 3.51858, 3.58142, 3.64425, 3.70708, 3.76991, 3.83274, 3.89557, 3.95841, 4.02124, 4.08407, 4.1469, 4.20973, 4.27257, 4.3354, 4.39823, 4.46106, 4.52389, 4.58673, 4.64956, 4.71239, 4.77522, 4.83805, 4.90088, 4.96372, 5.02655, 5.08938, 5.15221, 5.21504, 5.27788, 5.34071, 5.40354, 5.46637, 5.5292, 5.59203, 5.65487, 5.7177, 5.78053, 5.84336, 5.90619, 5.96903, 6.03186, 6.09469, 6.15752, 6.22035 ]

splay_perturbed:

[ 0.00593086, 0.0565005, 0.131258, 0.190433, 0.250244, 0.306159, 0.376176, 0.436497, 0.495512, 0.568504, 0.619447, 0.69559, 0.762753, 0.80683, 0.88949, 0.944827, 1.00754, 1.05828, 1.12143, 1.1943, 1.25463, 1.3104, 1.39178, 1.43979, 1.49978, 1.57316, 1.63128, 1.70612, 1.75863, 1.82932, 1.88856, 1.9468, 2.00088, 2.0823, 2.13755, 2.19682, 2.25227, 2.3194, 2.38243, 2.45411, 2.51547, 2.58277, 2.63241, 2.69959, 2.75825, 2.83254, 2.88877, 2.94726, 3.01728, 3.06939, 3.14844, 3.20342, 3.26516, 3.33862, 3.39747, 3.45228, 3.51999, 3.58183, 3.65347, 3.71397, 3.77486, 3.83354, 3.89731, 3.96771, 4.02338, 4.07959, 4.14283, 4.20304, 4.26288, 4.33387, 4.39613, 4.45693, 4.51418, 4.5807, 4.65378, 4.71819, 4.77734, 4.84658, 4.90391, 4.97202, 5.03355, 5.08837, 5.14412, 5.21246, 5.28125, 5.34403, 5.40537, 5.46187, 5.53043, 5.58969, 5.6643, 5.72468, 5.78497, 5.83808, 5.90132, 5.95983, 6.03607, 6.08691, 6.15631, 6.21439 ]

module_by_condition (normal):

[ -0.550234, 0.515433, 0.473861, 1.36845, -0.916827, -0.124147, -2.01096, -0.492803, 0.39258, -0.929185, 0.0798318, -0.159516, 0.0222218, -0.427793, -0.531817, -0.117476, 0.222079, -0.767976, 0.142465, -0.0346522, 1.13434, -0.104746, -0.525123, 1.91277, -2.02672, 1.11942, 0.779193, -1.1011, 1.13023, 0.373119, -0.386473, -1.15877, 0.566113, -0.704453, -1.37794, -0.353117, -0.461466, 0.0666573, -0.176286, 1.20089, 0.698399, -0.171629, -0.907187, 1.18863, 0.785532, 2.65601, 0.263486, 1.64177, 0.460816, 0.0859235, -1.50996, 0.721502, -0.84342, -0.513325, -0.0435368, -0.275301, -1.56307, -0.795631, 0.930584, 0.677767, 0.69844, 0.173602, 0.662285, 0.241122, -0.168205, 1.16477, -0.245748, -0.769668, 1.21217, 1.2335, -1.57416, 0.637953, -2.04442, 1.06948, -0.933763, 0.784208, -0.614876, 0.332892, -1.38072, -0.280806, -0.0598173, 0.961174, 1.79428, 0.58069, 0.29765, -1.02812, -1.4186, 0.190337, 0.135754, 0.60809, 0.704981, 0.360923, -1.46697, 0.892629, -0.105257, -0.955346, -0.414765, -1.39874, -0.344081, 0.750786 ]

identical_modules (uniform):

[ 0.796543, 0.183435, 0.779691, 0.796543, 0.183435, 0.779691 ]

